input output 33
0000000000000000 0000
FFFFFFFFFFFFFFFF 0001
0000000000000000 0001
FFFFFFFFFFFFFFFF 0010
0000000000000000 0010
FFFFFFFFFFFFFFFF 0011
0000000000000000 0011
FFFFFFFFFFFFFFFF 0100
0000000000000000 0100
FFFFFFFFFFFFFFFF 0101
0000000000000000 0101
FFFFFFFFFFFFFFFF 0110
0000000000000000 0110
FFFFFFFFFFFFFFFF 0111
0000000000000000 0111
FFFFFFFFFFFFFFFF 1000
0000000000000000 1000
FFFFFFFFFFFFFFFF 1001
0000000000000000 1001
FFFFFFFFFFFFFFFF 1010
0000000000000000 1010
FFFFFFFFFFFFFFFF 1011
0000000000000000 1011
FFFFFFFFFFFFFFFF 1100
0000000000000000 1100
FFFFFFFFFFFFFFFF 1101
0000000000000000 1101
FFFFFFFFFFFFFFFF 1110
0000000000000000 1110
FFFFFFFFFFFFFFFF 1111
0000000000000000 1111
FFFFFFFFFFFFFFFF 0000
0000000000000000 0000
